PO_146;Sub_212;Sub_1078;Sub_1082;Sub_233;
Sub_212;(0,0,0,0);(3,0,124,0);(3,0,124,0);(85,0,42,0);
Sub_1078;(0,0,0,0);(0,0,0,0);(0,0,0,127);(0,0,0,127);
Sub_1082;(0,0,0,0);(0,0,0,0);(0,0,0,0);(0,0,0,127);
Sub_233;(0,0,0,0);(0,0,0,0);(0,0,0,0);(0,0,0,0);
